27,4
35,6
34,5
35,7
27,5
31,5
31,1
31,3
29,3
29,1
29,4
28,4
28,5
28,1
28,3
27,1
27,3
35,4
35,8
35,5
36,35
34,4
34,1
34,3
35,1
35,3
33,4
25,4
25,1
25,3
24,4
24,1
24,3
33,5
33,3
3,2
3,1
3,3
10,286
10,192
10,114
10,228
10,262
10,152
10,282
10,1
10,124
10,2
10,3
11,17
11,23
11,26
11,24
11,4
11,8
11,10
11,1
11,27
11,2
11,3
9,7
9,4
9,1
9,6
9,2
9,3
8,6
8,16
8,9
8,4
8,1
8,12
8,2
8,3
0,318
12,2
12,1
12,3
20,2
20,1
20,3
19,2
19,1
19,3
35,10
35,9
33,118
33,117
33,116
33,115
33,114
33,113
33,112
33,111
33,110
33,109
33,108
33,107
33,106
33,105
33,104
33,103
33,102
33,101
33,100
33,99
33,98
33,97
33,96
33,95
33,94
33,93
33,92
33,91
33,90
33,89
33,88
33,87
33,86
33,85
33,84
33,83
33,82
33,81
33,80
33,79
33,78
33,77
